Vertex Couint: 36

Data:

-0.5 0.5 -0.5 0.001992 0.00199199 0 0 -1
0.5 -0.5 -0.5 0.998008 0.9980080 0 -1
-0.5 -0.5 -0.5 0.001992 0.998008 0 0 -1
0.5 0.5 -0.5 0.998008 0.00199199 0 0 -1
0.5 -0.5 -0.5 0.998008 0.9980080 0 -1
-0.5 0.5 -0.5 0.001992 0.00199199 0 0 -1
-0.5 0.5 0.5 0.001992 0.00199199 0 1 -0
0.5 0.5 -0.5 0.998008 0.9980080 1 -0
-0.5 0.5 -0.5 0.001992 0.998008 0 1 -0
0.5 0.5 0.5 0.998008 0.00199199 0 1 -0
0.5 0.5 -0.5 0.998008 0.9980080 1 -0
-0.5 0.5 0.5 0.001992 0.00199199 0 1 -0
-0.5 -0.5 0.5 0.998008 0.998008 0 0 1
0.5 0.5 0.5 0.001992 0.001991990 0 1
-0.5 0.5 0.5 0.998008 0.00199199 0 0 1
0.5 -0.5 0.5 0.001992 0.998008 0 0 1
0.5 0.5 0.5 0.001992 0.001991990 0 1
-0.5 -0.5 0.5 0.998008 0.998008 0 0 1
-0.5 -0.5 -0.5 0.001992 0.00199199 0 -1 -0
0.5 -0.5 0.5 0.998008 0.9980080 -1 -0
-0.5 -0.5 0.5 0.001992 0.998008 0 -1 -0
0.5 -0.5 -0.5 0.998008 0.00199199 0 -1 -0
0.5 -0.5 0.5 0.998008 0.9980080 -1 -0
-0.5 -0.5 -0.5 0.001992 0.00199199 0 -1 -0
0.5 0.5 -0.5 0.001992 0.00199199 1 0 -0
0.5 -0.5 0.5 0.998008 0.9980081 0 -0
0.5 -0.5 -0.5 0.001992 0.998008 1 0 -0
0.5 0.5 0.5 0.998008 0.00199199 1 0 -0
0.5 -0.5 0.5 0.998008 0.9980081 0 -0
0.5 0.5 -0.5 0.001992 0.00199199 1 0 -0
-0.5 0.5 0.5 0.001992 0.00199199 -1 0 -0
-0.5 -0.5 -0.5 0.998008 0.998008-1 0 -0
-0.5 -0.5 0.5 0.001992 0.998008 -1 0 -0
-0.5 0.5 -0.5 0.998008 0.00199199 -1 0 -0
-0.5 -0.5 -0.5 0.998008 0.998008-1 0 -0
-0.5 0.5 0.5 0.001992 0.00199199 -1 0 -0
